{
    "K": [
        [
            [
                474.10509236301215,
                0.0,
                172.89234136158223
            ],
            [
                0.0,
                471.5365002884375,
                135.82949083034384
            ],
            [
                0.0,
                0.0,
                1.0
            ]
        ],
        [
            [
                475.0888050752469,
                0.0,
                106.31608425053668
            ],
            [
                0.0,
                478.304043619633,
                132.1734987264717
            ],
            [
                0.0,
                0.0,
                1.0
            ]
        ],
        [
            [
                414.14953769681915,
                0.0,
                115.34840164537759
            ],
            [
                0.0,
                413.4793973190368,
                126.24480134936255
            ],
            [
                0.0,
                0.0,
                1.0
            ]
        ],
        [
            [
                513.3494377292665,
                0.0,
                122.04741391367938
            ],
            [
                0.0,
                514.7605196125103,
                95.26981332285877
            ],
            [
                0.0,
                0.0,
                1.0
            ]
        ],
        [
            [
                442.6579217746689,
                0.0,
                129.7300513723476
            ],
            [
                0.0,
                443.72142530111324,
                142.41987091806874
            ],
            [
                0.0,
                0.0,
                1.0
            ]
        ],
        [
            [
                496.5970924144252,
                0.0,
                148.98718400494732
            ],
            [
                0.0,
                497.7401998815036,
                115.73563439232333
            ],
            [
                0.0,
                0.0,
                1.0
            ]
        ],
        [
            [
                520.7250358471157,
                0.0,
                168.7471139086981
            ],
            [
                0.0,
                517.3989397105636,
                84.99255980255671
            ],
            [
                0.0,
                0.0,
                1.0
            ]
        ],
        [
            [
                456.31653771884794,
                0.0,
                164.66209490720212
            ],
            [
                0.0,
                453.9008950951609,
                88.97807642951751
            ],
            [
                0.0,
                0.0,
                1.0
            ]
        ]
    ],
    "M": [
        [
            [
                1.0,
                -5.843483647768012e-19,
                -2.254432069137037e-18,
                0.0
            ],
            [
                1.556741020989906e-19,
                1.0000000000000002,
                1.1957347313344458e-18,
                0.0
            ],
            [
                1.2131471834847736e-18,
                4.6651816832880606e-18,
                1.0,
                0.0
            ],
            [
                0.0,
                0.0,
                0.0,
                1.0
            ]
        ],
        [
            [
                0.4511907598271866,
                0.09031729707281165,
                -0.8878455294115231,
                0.6296388776856595
            ],
            [
                -0.09192602693865924,
                0.9942771872608953,
                0.05442867317724041,
                -0.036967264347575926
            ],
            [
                0.8876804063500775,
                0.057058397646827186,
                0.4569111898828235,
                0.3786096661973118
            ],
            [
                0.0,
                0.0,
                0.0,
                1.0
            ]
        ],
        [
            [
                -0.9427769801776428,
                -0.3243607797760433,
                0.07721172313970094,
                -0.14162346084321878
            ],
            [
                -0.32649066204616034,
                0.8510995014894122,
                -0.41113682170432464,
                0.26736487621112726
            ],
            [
                0.0676418010093208,
                -0.41281923781184277,
                -0.9082977835757747,
                1.211082502032259
            ],
            [
                0.0,
                0.0,
                0.0,
                1.0
            ]
        ],
        [
            [
                -0.97777524005918,
                -0.1922452549191574,
                0.0836501158892252,
                -0.16547066677685568
            ],
            [
                -0.18288643037165414,
                0.9771808834878353,
                0.10802811917203371,
                -0.03437358301792292
            ],
            [
                -0.10250918745715766,
                0.09032874906142142,
                -0.9906223213616134,
                1.3395306551604051
            ],
            [
                0.0,
                0.0,
                0.0,
                1.0
            ]
        ],
        [
            [
                -0.38558500661062056,
                0.345046580290748,
                0.8557260426718053,
                -0.6210954402544154
            ],
            [
                -0.2242439015224578,
                0.8645906656257474,
                -0.4496639340027326,
                0.26569671079580987
            ],
            [
                -0.8950077515346297,
                -0.3652750174081002,
                -0.25599860614940534,
                0.757583912291641
            ],
            [
                0.0,
                0.0,
                0.0,
                1.0
            ]
        ],
        [
            [
                -0.30490819029351174,
                0.39084147734411023,
                0.8684894559402601,
                -0.6445639402148545
            ],
            [
                0.2214932655637624,
                0.9160097059915202,
                -0.3344651728345262,
                0.2542346383164434
            ],
            [
                -0.9262676334633719,
                0.09038339513872146,
                -0.3658676168798785,
                0.8962349109911579
            ],
            [
                0.0,
                0.0,
                0.0,
                1.0
            ]
        ],
        [
            [
                0.39350365270883264,
                -0.33159220122843175,
                -0.8574389117536532,
                0.5155799176210463
            ],
            [
                -0.7293412679885296,
                0.4551892553256191,
                -0.510748525837316,
                0.33713070492231
            ],
            [
                0.5596572076849269,
                0.8263469936537503,
                -0.06272524185460751,
                0.815444844385183
            ],
            [
                0.0,
                0.0,
                0.0,
                1.0
            ]
        ],
        [
            [
                0.9687506672990809,
                0.21882267423301202,
                0.11678519533356538,
                -0.07961292461727412
            ],
            [
                -0.031262828138494306,
                0.5748048520024446,
                -0.8176931072787826,
                0.5970598601374555
            ],
            [
                -0.24605848935643096,
                0.7884897078313459,
                0.5636835996014697,
                0.3668306668818633
            ],
            [
                0.0,
                0.0,
                0.0,
                1.0
            ]
        ]
    ]
}