actual_basic_3
    lpips_avg: (0.19680865108966827)
    ssim_avg: (0.7972375160113686)
    psnr_avg: (18.149224495552637)
