actual_basic_2
    lpips_avg: (0.22080232203006744)
    ssim_avg: (0.7959184307717886)
    psnr_avg: (18.078471095814095)
