actual_basic_0
    lpips_avg: (0.20583592355251312)
    ssim_avg: (0.791555674766495)
    psnr_avg: (18.054793056403557)
