actual_basic_2_test
    lpips_avg: (0.29804107546806335)
    ssim_avg: (0.7003456753984858)
    psnr_avg: (16.930941058691246)
