actual_basic_1
    lpips_avg: (0.22956997156143188)
    ssim_avg: (0.7690809459414902)
    psnr_avg: (17.67230011758582)
