{"400262_14004": {"poses": [[1.2901214361190796, -0.16862265765666962, 2.058802604675293, -0.013114734552800655, 0.03520594537258148, -0.39805668592453003, -0.075715571641922, -0.0759105309844017, -0.8400634527206421, 0.09247346967458725, -0.2801876366138458, -0.3275744915008545, 0.0986737534403801, -0.10141588747501373, -0.6998662352561951, 0.12214360386133194, 0.01319152768701315, -0.7356882691383362, -0.04975098744034767, -0.04661034047603607, -0.32886049151420593, 0.4370878040790558, -0.27070483565330505, -0.8386251926422119, 0.23205874860286713, -0.18624606728553772, -0.642524778842926, 0.2734381854534149, 0.00933557003736496, 0.03899354115128517, 0.22505678236484528, -0.18389949202537537, -0.7457131743431091, 0.19685663282871246, -0.07941027730703354, -0.8279377818107605, 0.06736989319324493, -0.046344902366399765, -0.3788137137889862, -0.34817588329315186, 0.2379402220249176, -0.2628791332244873, -0.2899149954319, 0.27317944169044495, 0.05735823139548302, -0.07857349514961243, 0.2018803209066391, -0.4724774658679962]], "betas": [[-1.533701777458191, 0.27039194107055664, -0.6502042412757874, 0.1661013662815094, 0.0006153881549835205, -0.14967024326324463, 0.08933191001415253, 0.17785786092281342, -0.18548129498958588, 0.07169456779956818]], "global_t": [[[-0.11778406798839569, -0.002549998462200165, 1.1131030321121216]]], "cam_intrinsics": [[1263.8021240234375, 0.0, 188.43511962890625], [0.0, 1264.219482421875, 236.96435546875], [0.0, 0.0, 1.0]], "cam_extrinsics": [[-0.4016980528831482, 0.36126548051834106, -0.8415021896362305, 0.9312914428710938], [-0.0633929967880249, 0.9057251214981079, 0.41909822821617126, -0.4666381530761719], [0.9135754108428955, 0.22169628739356995, -0.34092631936073303, 1.43685986328125], [0.0, 0.0, 0.0, 1.0]]}, "400262_14010": {"poses": [[1.2512532472610474, -0.04556497558951378, 2.0537068843841553, 0.023503156378865242, -0.16772903501987457, -0.009621331468224525, -0.13687311112880707, -0.04379890859127045, 0.08448298275470734, 0.1125510185956955, -0.08915239572525024, 0.3140917122364044, -0.11460480093955994, -0.09712134301662445, 0.22683289647102356, 0.03327047452330589, 0.1316744089126587, -0.0005802016239613295, -0.08651841431856155, -0.017237074673175812, 0.18588140606880188, -0.10229810327291489, 0.2420116364955902, -0.0977126955986023, 0.05057898908853531, -0.04720161482691765, -0.0013357852585613728, -0.1755101978778839, -0.07157308608293533, 0.2621278464794159, -0.12759266793727875, -0.026509149000048637, 0.17647364735603333, -0.05898318812251091, 0.08542690426111221, -0.10587503761053085, -0.156587153673172, -0.11594948172569275, 0.187345951795578, 0.1254214495420456, 0.05184789374470711, 0.07868160307407379, -0.10476341843605042, 0.21491624414920807, 0.2413351982831955, 0.05289459973573685, -0.027034640312194824, -0.2717258930206299]], "betas": [[-1.8354835510253906, 0.08843468129634857, -0.6320911645889282, -0.004912294447422028, 0.02875848114490509, -0.19721651077270508, -0.04164678603410721, 0.1103457361459732, -0.11782047152519226, -0.06122055649757385]], "global_t": [[[-0.11663613468408585, 0.0029077231884002686, 1.1140270233154297]]], "cam_intrinsics": [[1263.8021240234375, 0.0, 188.43511962890625], [0.0, 1264.219482421875, 236.96435546875], [0.0, 0.0, 1.0]], "cam_extrinsics": [[-0.4016980528831482, 0.36126548051834106, -0.8415021896362305, 0.9312914428710938], [-0.0633929967880249, 0.9057251214981079, 0.41909822821617126, -0.4666381530761719], [0.9135754108428955, 0.22169628739356995, -0.34092631936073303, 1.43685986328125], [0.0, 0.0, 0.0, 1.0]]}, "400262_14016": {"poses": [[1.170508861541748, -0.003191758180037141, 1.9885615110397339, -0.02558889240026474, 0.028257671743631363, 0.7248203754425049, -0.01114854495972395, 0.13489274680614471, 0.8640046119689941, 0.17429256439208984, 0.11421619355678558, 0.6867819428443909, -0.2472638338804245, -0.03270750492811203, 0.992404580116272, -0.015827691182494164, 0.14619599282741547, 0.25212913751602173, -0.10397924482822418, 0.018895406275987625, 0.32875725626945496, -0.45400765538215637, 0.30699506402015686, 0.5124003887176514, -0.2730022966861725, 0.17025038599967957, 0.4629631042480469, -0.38161200284957886, 0.05255267396569252, 0.5849990844726562, -0.2724681794643402, 0.1658879816532135, 0.8702783584594727, -0.19816726446151733, 0.15921185910701752, 0.299327552318573, -0.26595452427864075, -0.11822523176670074, 0.4906594157218933, 0.15807503461837769, -0.10210935771465302, 0.004649181384593248, 0.024266177788376808, 0.03074684925377369, 0.3000004291534424, 0.2053017020225525, -0.47198057174682617, -0.012523346580564976]], "betas": [[-1.050951361656189, 0.12095080316066742, -0.32037633657455444, -0.085865318775177, -0.016032353043556213, -0.15014977753162384, -0.09218952804803848, 0.22643040120601654, -0.08317388594150543, -0.04167460650205612]], "global_t": [[[-0.10750064253807068, 0.0032259561121463776, 1.1133123636245728]]], "cam_intrinsics": [[1263.8021240234375, 0.0, 188.43511962890625], [0.0, 1264.219482421875, 236.96435546875], [0.0, 0.0, 1.0]], "cam_extrinsics": [[-0.4016980528831482, 0.36126548051834106, -0.8415021896362305, 0.9312914428710938], [-0.0633929967880249, 0.9057251214981079, 0.41909822821617126, -0.4666381530761719], [0.9135754108428955, 0.22169628739356995, -0.34092631936073303, 1.43685986328125], [0.0, 0.0, 0.0, 1.0]]}, "400262_14022": {"poses": [[1.129578709602356, -0.14238618314266205, 2.019146203994751, -0.08961045742034912, 0.026483241468667984, 0.8684733510017395, -0.02790657803416252, 0.12100351601839066, 0.977752149105072, 0.1538226157426834, 0.10749842971563339, 0.6299951672554016, -0.2803351879119873, -0.09632343798875809, 1.1714156866073608, -0.020483044907450676, 0.10703292489051819, 0.15364256501197815, -0.08858320116996765, 0.025999940931797028, 0.0946260318160057, -0.5250058770179749, 0.29789435863494873, 0.7373237609863281, -0.29089975357055664, 0.23541860282421112, 0.535792350769043, -0.3596932590007782, 0.1176982894539833, 0.5322045683860779, -0.3163873255252838, 0.20430296659469604, 1.0741060972213745, -0.17608559131622314, 0.14517752826213837, 0.21363376080989838, -0.08031124621629715, -0.055726565420627594, 0.09275645762681961, 0.12725546956062317, -0.11641713231801987, -0.049973465502262115, 0.058494389057159424, -0.05245423689484596, 0.30787619948387146, 0.20597371459007263, -0.575799286365509, 0.026643624529242516]], "betas": [[-0.615215003490448, 0.22339960932731628, -0.25886455178260803, -0.015211565420031548, -0.0018227584660053253, -0.1837327480316162, -0.13402067124843597, 0.24469207227230072, -0.0429377481341362, -0.00856451690196991]], "global_t": [[[-0.1056218147277832, -1.3499520719051361e-05, 1.1132498979568481]]], "cam_intrinsics": [[1263.8021240234375, 0.0, 188.43511962890625], [0.0, 1264.219482421875, 236.96435546875], [0.0, 0.0, 1.0]], "cam_extrinsics": [[-0.4016980528831482, 0.36126548051834106, -0.8415021896362305, 0.9312914428710938], [-0.0633929967880249, 0.9057251214981079, 0.41909822821617126, -0.4666381530761719], [0.9135754108428955, 0.22169628739356995, -0.34092631936073303, 1.43685986328125], [0.0, 0.0, 0.0, 1.0]]}, "400262_14028": {"poses": [[1.1590075492858887, -0.019435960799455643, 1.97386634349823, -0.016299182549118996, 0.020429404452443123, 0.5908094644546509, -0.026321161538362503, 0.11659248173236847, 0.8472369909286499, 0.15117505192756653, 0.05513210594654083, 0.6646990180015564, -0.2568243443965912, -0.002418555086478591, 0.8930345773696899, -0.0371868722140789, 0.14356721937656403, 0.24683494865894318, -0.09168833494186401, 0.011392288841307163, 0.22032712399959564, -0.44478145241737366, 0.3031923770904541, 0.4265795350074768, -0.23726674914360046, 0.13285215198993683, 0.41951268911361694, -0.34503883123397827, 0.07142148911952972, 0.5677187442779541, -0.2812501788139343, 0.1841614842414856, 0.7739840745925903, -0.20344090461730957, 0.18279848992824554, 0.3130585849285126, -0.2948560118675232, -0.13775354623794556, 0.6003577709197998, 0.17574186623096466, -0.08601593971252441, 0.003649381222203374, -0.056233376264572144, 0.10425547510385513, 0.26791974902153015, 0.12737883627414703, -0.299189954996109, -0.21325139701366425]], "betas": [[-1.2930927276611328, 0.20917367935180664, -0.34894269704818726, -0.02291191555559635, 0.0352056510746479, -0.19737598299980164, -0.08845636248588562, 0.20366649329662323, -0.11468260735273361, -0.11557801067829132]], "global_t": [[[-0.11016513407230377, -0.000921955332159996, 1.1125438213348389]]], "cam_intrinsics": [[1263.8021240234375, 0.0, 188.43511962890625], [0.0, 1264.219482421875, 236.96435546875], [0.0, 0.0, 1.0]], "cam_extrinsics": [[-0.4016980528831482, 0.36126548051834106, -0.8415021896362305, 0.9312914428710938], [-0.0633929967880249, 0.9057251214981079, 0.41909822821617126, -0.4666381530761719], [0.9135754108428955, 0.22169628739356995, -0.34092631936073303, 1.43685986328125], [0.0, 0.0, 0.0, 1.0]]}, "400262_14034": {"poses": [[1.2074865102767944, -0.2187291383743286, 2.1559298038482666, 0.0017948844470083714, -0.08800078183412552, -0.3392051160335541, -0.1229144036769867, -0.054263465106487274, -0.6737862229347229, 0.11157676577568054, -0.2381206601858139, -0.1908467561006546, 0.06991710513830185, -0.10527405142784119, -0.5084549784660339, 0.11029154062271118, 0.03802834451198578, -0.5964590311050415, -0.05694294348359108, -0.04877178370952606, -0.237965390086174, 0.3148397207260132, 0.04866838455200195, -0.7731386423110962, 0.3049706518650055, -0.25506097078323364, -0.5357872843742371, 0.28447726368904114, -0.10277949273586273, -0.02219005674123764, 0.15583361685276031, -0.12370267510414124, -0.5035618543624878, 0.14335788786411285, -0.07189743220806122, -0.7488757967948914, 0.04534658044576645, -0.09440433233976364, -0.34717604517936707, -0.18666206300258636, 0.1516510397195816, -0.2000686079263687, -0.2350301593542099, 0.24754102528095245, 0.09438677132129669, -0.03856755420565605, 0.12634986639022827, -0.40941759943962097]], "betas": [[-1.9599590301513672, 0.14124567806720734, -0.7627943754196167, 0.08279263973236084, -0.013692129403352737, -0.10646246373653412, 0.10288463532924652, 0.1289179027080536, -0.1672363579273224, 0.018132172524929047]], "global_t": [[[-0.1119655966758728, 0.0006893239915370941, 1.112780213356018]]], "cam_intrinsics": [[1263.8021240234375, 0.0, 188.43511962890625], [0.0, 1264.219482421875, 236.96435546875], [0.0, 0.0, 1.0]], "cam_extrinsics": [[-0.4016980528831482, 0.36126548051834106, -0.8415021896362305, 0.9312914428710938], [-0.0633929967880249, 0.9057251214981079, 0.41909822821617126, -0.4666381530761719], [0.9135754108428955, 0.22169628739356995, -0.34092631936073303, 1.43685986328125], [0.0, 0.0, 0.0, 1.0]]}, "400262_14040": {"poses": [[1.2075040340423584, -0.3128029704093933, 2.1856489181518555, -0.009233692660927773, -0.08304707705974579, -0.46307405829429626, -0.10149333626031876, -0.05718665570020676, -0.8121386766433716, 0.10545587539672852, -0.2498704493045807, -0.27270838618278503, 0.11355520039796829, -0.09073849767446518, -0.6328853368759155, 0.12207049876451492, 0.027144966647028923, -0.7043883204460144, -0.05171322450041771, -0.04693768545985222, -0.28820163011550903, 0.3927963674068451, -0.04113193601369858, -0.8932099342346191, 0.2933761179447174, -0.24731457233428955, -0.59632807970047, 0.26535317301750183, -0.06104397028684616, -0.002165107522159815, 0.20291166007518768, -0.14567908644676208, -0.6295252442359924, 0.16773873567581177, -0.08515416085720062, -0.8058309555053711, 0.05794817954301834, -0.07235519587993622, -0.3727111220359802, -0.29717567563056946, 0.2397531121969223, -0.21113650500774384, -0.2569139301776886, 0.25757741928100586, 0.0650540366768837, -0.06032293289899826, 0.13966336846351624, -0.42349183559417725]], "betas": [[-1.9592469930648804, 0.1734846830368042, -0.740715742111206, 0.1203651875257492, 0.006274670362472534, -0.09459243714809418, 0.12859807908535004, 0.13623696565628052, -0.19805771112442017, 0.014228515326976776]], "global_t": [[[-0.11170356720685959, 0.004541207104921341, 1.1108827590942383]]], "cam_intrinsics": [[1263.8021240234375, 0.0, 188.43511962890625], [0.0, 1264.219482421875, 236.96435546875], [0.0, 0.0, 1.0]], "cam_extrinsics": [[-0.4016980528831482, 0.36126548051834106, -0.8415021896362305, 0.9312914428710938], [-0.0633929967880249, 0.9057251214981079, 0.41909822821617126, -0.4666381530761719], [0.9135754108428955, 0.22169628739356995, -0.34092631936073303, 1.43685986328125], [0.0, 0.0, 0.0, 1.0]]}, "400262_14046": {"poses": [[1.1751419305801392, -0.3641989529132843, 2.1759538650512695, -0.004168124403804541, -0.11504188179969788, -0.45405539870262146, -0.11706551909446716, -0.04858506843447685, -0.77170330286026, 0.10632472485303879, -0.23571699857711792, -0.24235899746418, 0.09960450977087021, -0.10562805086374283, -0.5977699756622314, 0.11879557371139526, 0.029319418594241142, -0.6706808805465698, -0.05032575502991676, -0.04482128471136093, -0.2793598175048828, 0.32138487696647644, 0.08588656038045883, -0.8199967741966248, 0.3299707770347595, -0.26539722084999084, -0.5418355464935303, 0.25246933102607727, -0.1178833395242691, -0.05806061625480652, 0.17331922054290771, -0.12212496995925903, -0.5240005254745483, 0.14518897235393524, -0.0854397565126419, -0.7982897162437439, 0.05654440075159073, -0.08936859667301178, -0.3722844123840332, -0.2123490571975708, 0.19685423374176025, -0.1842525601387024, -0.26924192905426025, 0.27745622396469116, 0.0724928006529808, -0.06748707592487335, 0.1671200543642044, -0.41671958565711975]], "betas": [[-2.048539876937866, 0.13492663204669952, -0.7907660007476807, 0.10036317259073257, -0.011278584599494934, -0.09935270249843597, 0.13290032744407654, 0.11573009192943573, -0.16987496614456177, 0.00732036679983139]], "global_t": [[[-0.11385246366262436, 0.005006043240427971, 1.1101852655410767]]], "cam_intrinsics": [[1263.8021240234375, 0.0, 188.43511962890625], [0.0, 1264.219482421875, 236.96435546875], [0.0, 0.0, 1.0]], "cam_extrinsics": [[-0.4016980528831482, 0.36126548051834106, -0.8415021896362305, 0.9312914428710938], [-0.0633929967880249, 0.9057251214981079, 0.41909822821617126, -0.4666381530761719], [0.9135754108428955, 0.22169628739356995, -0.34092631936073303, 1.43685986328125], [0.0, 0.0, 0.0, 1.0]]}, "400262_14052": {"poses": [[1.0996789932250977, -0.32246315479278564, 2.1566457748413086, -0.0037968556862324476, -0.14103984832763672, -0.47354286909103394, -0.19238702952861786, -0.07498785853385925, -0.5913102626800537, 0.10408197343349457, -0.19694417715072632, -0.11175466328859329, 0.049285437911748886, -0.09059430658817291, -0.4813363552093506, 0.07792980223894119, 0.05218140035867691, -0.4952329695224762, -0.06564086675643921, -0.03706961125135422, -0.15938574075698853, 0.16375334560871124, 0.13633956015110016, -0.6413925886154175, 0.3566453754901886, -0.24270278215408325, -0.5115297436714172, 0.3207542300224304, -0.0958734005689621, -0.03898286446928978, 0.08371000736951828, -0.04353637248277664, -0.38668400049209595, 0.1270558387041092, -0.03347853943705559, -0.7209107875823975, 0.03321406617760658, -0.13256441056728363, -0.32033947110176086, 0.13337868452072144, -0.0452745221555233, 0.020607100799679756, 0.0900721624493599, -0.08091974258422852, 0.2692362368106842, 0.21477828919887543, -0.4882771074771881, -0.020867157727479935]], "betas": [[-1.9677612781524658, 0.15866364538669586, -0.8255985975265503, 0.03090105764567852, -0.05261682718992233, -0.0436762198805809, 0.09577005356550217, 0.07316502183675766, -0.1987658441066742, -0.010042667388916016]], "global_t": [[[-0.11405561864376068, 0.004119763150811195, 1.1092116832733154]]], "cam_intrinsics": [[1263.8021240234375, 0.0, 188.43511962890625], [0.0, 1264.219482421875, 236.96435546875], [0.0, 0.0, 1.0]], "cam_extrinsics": [[-0.4016980528831482, 0.36126548051834106, -0.8415021896362305, 0.9312914428710938], [-0.0633929967880249, 0.9057251214981079, 0.41909822821617126, -0.4666381530761719], [0.9135754108428955, 0.22169628739356995, -0.34092631936073303, 1.43685986328125], [0.0, 0.0, 0.0, 1.0]]}, "400262_14058": {"poses": [[1.0818127393722534, -0.3145125210285187, 2.163804292678833, -0.0063262698240578175, -0.12218578904867172, -0.4498516619205475, -0.19578860700130463, -0.06960984319448471, -0.5896443128585815, 0.10571502149105072, -0.19322292506694794, -0.10573995113372803, 0.04971124231815338, -0.08406130969524384, -0.4854621887207031, 0.073052778840065, 0.05951816961169243, -0.467403769493103, -0.064616858959198, -0.02971915900707245, -0.13857366144657135, 0.15940187871456146, 0.15097425878047943, -0.6419700384140015, 0.36489224433898926, -0.23912911117076874, -0.50132155418396, 0.3092816472053528, -0.09204191714525223, -0.038259655237197876, 0.0773949921131134, -0.05014985799789429, -0.4060210585594177, 0.12238769233226776, -0.029803024604916573, -0.6984924077987671, 0.029431095346808434, -0.12765975296497345, -0.30556342005729675, 0.1559074968099594, -0.08619163930416107, 0.005378687288612127, 0.10466650128364563, -0.11081445962190628, 0.27619799971580505, 0.23125618696212769, -0.5209257006645203, -0.0027993186376988888]], "betas": [[-1.9960016012191772, 0.16703899204730988, -0.8208006620407104, 0.02867148257791996, -0.03901008516550064, -0.04693250358104706, 0.09816445410251617, 0.07344340533018112, -0.19962233304977417, -0.01564951241016388]], "global_t": [[[-0.114497609436512, 0.003717072308063507, 1.1079020500183105]]], "cam_intrinsics": [[1263.8021240234375, 0.0, 188.43511962890625], [0.0, 1264.219482421875, 236.96435546875], [0.0, 0.0, 1.0]], "cam_extrinsics": [[-0.4016980528831482, 0.36126548051834106, -0.8415021896362305, 0.9312914428710938], [-0.0633929967880249, 0.9057251214981079, 0.41909822821617126, -0.4666381530761719], [0.9135754108428955, 0.22169628739356995, -0.34092631936073303, 1.43685986328125], [0.0, 0.0, 0.0, 1.0]]}, "400262_14064": {"poses": [[1.1017895936965942, -0.28992441296577454, 2.1681957244873047, -0.006174670532345772, -0.14865869283676147, -0.4779369831085205, -0.16582761704921722, -0.07031244039535522, -0.6089569330215454, 0.09411697834730148, -0.2051878571510315, -0.140305757522583, 0.052014805376529694, -0.09229674190282822, -0.486833393573761, 0.08596114814281464, 0.042756080627441406, -0.5427243709564209, -0.06019526347517967, -0.04636019095778465, -0.21040873229503632, 0.16265839338302612, 0.14468438923358917, -0.6258719563484192, 0.3450528085231781, -0.252655953168869, -0.518291175365448, 0.3128785789012909, -0.12770184874534607, -0.07245437800884247, 0.0977843850851059, -0.060679979622364044, -0.3873880207538605, 0.13009659945964813, -0.054840169847011566, -0.7481960654258728, 0.03998279199004173, -0.12307120114564896, -0.34325361251831055, 0.10411135107278824, 0.007477190811187029, 0.012427657842636108, -0.04318276420235634, 0.0969167947769165, 0.22471237182617188, 0.10117467492818832, -0.16709309816360474, -0.20464667677879333]], "betas": [[-1.9129509925842285, 0.13992005586624146, -0.842811644077301, 0.051165129989385605, -0.05247919261455536, -0.09009984880685806, 0.07478424161672592, 0.08262494951486588, -0.18347764015197754, -0.01633869856595993]], "global_t": [[[-0.11324167251586914, 0.004664141684770584, 1.105463981628418]]], "cam_intrinsics": [[1263.8021240234375, 0.0, 188.43511962890625], [0.0, 1264.219482421875, 236.96435546875], [0.0, 0.0, 1.0]], "cam_extrinsics": [[-0.4016980528831482, 0.36126548051834106, -0.8415021896362305, 0.9312914428710938], [-0.0633929967880249, 0.9057251214981079, 0.41909822821617126, -0.4666381530761719], [0.9135754108428955, 0.22169628739356995, -0.34092631936073303, 1.43685986328125], [0.0, 0.0, 0.0, 1.0]]}, "400262_14070": {"poses": [[1.0813214778900146, -0.333732932806015, 2.1616034507751465, -0.0027109095826745033, -0.15076108276844025, -0.48826777935028076, -0.14453113079071045, -0.06444413959980011, -0.6801778078079224, 0.10227049887180328, -0.22147035598754883, -0.18978671729564667, 0.0720592513680458, -0.09823577105998993, -0.506100594997406, 0.1040702611207962, 0.028712060302495956, -0.6134086847305298, -0.05926891788840294, -0.05616310238838196, -0.25665128231048584, 0.2145264595746994, 0.1314581334590912, -0.7005571722984314, 0.33846315741539, -0.27365198731422424, -0.5544158816337585, 0.32381996512413025, -0.14109574258327484, -0.0907614603638649, 0.1418537199497223, -0.0786968544125557, -0.4364062249660492, 0.15181776881217957, -0.073060043156147, -0.7955198287963867, 0.05605150759220123, -0.11297497898340225, -0.37497907876968384, -0.007803546730428934, 0.08214402198791504, -0.056895677000284195, -0.13117125630378723, 0.1770014613866806, 0.15802045166492462, 0.029075048863887787, -0.0076843625865876675, -0.2948480248451233]], "betas": [[-2.0207619667053223, 0.12727059423923492, -0.8691485524177551, 0.05444246158003807, -0.06391134858131409, -0.08528178930282593, 0.12235237658023834, 0.0968635305762291, -0.17721690237522125, 0.012445151805877686]], "global_t": [[[-0.11355764418840408, 0.00515066459774971, 1.104513168334961]]], "cam_intrinsics": [[1263.8021240234375, 0.0, 188.43511962890625], [0.0, 1264.219482421875, 236.96435546875], [0.0, 0.0, 1.0]], "cam_extrinsics": [[-0.4016980528831482, 0.36126548051834106, -0.8415021896362305, 0.9312914428710938], [-0.0633929967880249, 0.9057251214981079, 0.41909822821617126, -0.4666381530761719], [0.9135754108428955, 0.22169628739356995, -0.34092631936073303, 1.43685986328125], [0.0, 0.0, 0.0, 1.0]]}, "400262_14076": {"poses": [[1.1053546667099, -0.2917811870574951, 2.1586527824401855, -0.0006971215480007231, -0.1503230631351471, -0.3479709327220917, -0.15987920761108398, -0.06995677947998047, -0.4715552031993866, 0.09772606194019318, -0.19855821132659912, -0.06254950910806656, 0.03552505746483803, -0.08987602591514587, -0.45551416277885437, 0.07766425609588623, 0.0421149916946888, -0.5102197527885437, -0.05979971960186958, -0.04872027784585953, -0.19999100267887115, 0.15019942820072174, 0.13290882110595703, -0.6224668025970459, 0.3315654695034027, -0.2430783063173294, -0.509129524230957, 0.31968438625335693, -0.11750192195177078, -0.04704512655735016, 0.10212890803813934, -0.04943614453077316, -0.39726758003234863, 0.12358678132295609, -0.045791711658239365, -0.7292703986167908, 0.031805142760276794, -0.12106207758188248, -0.32364585995674133, 0.11813767999410629, 0.0047516003251075745, 0.010744460858404636, -0.05369775742292404, 0.1270051747560501, 0.23456382751464844, 0.09458886831998825, -0.14880003035068512, -0.22740259766578674]], "betas": [[-1.8479814529418945, 0.1539275199174881, -0.7997839450836182, 0.03735358268022537, -0.053251445293426514, -0.10281819850206375, 0.060225531458854675, 0.09786346554756165, -0.18407036364078522, -0.0187419131398201]], "global_t": [[[-0.1123589277267456, 0.004541205242276192, 1.1027954816818237]]], "cam_intrinsics": [[1263.8021240234375, 0.0, 188.43511962890625], [0.0, 1264.219482421875, 236.96435546875], [0.0, 0.0, 1.0]], "cam_extrinsics": [[-0.4016980528831482, 0.36126548051834106, -0.8415021896362305, 0.9312914428710938], [-0.0633929967880249, 0.9057251214981079, 0.41909822821617126, -0.4666381530761719], [0.9135754108428955, 0.22169628739356995, -0.34092631936073303, 1.43685986328125], [0.0, 0.0, 0.0, 1.0]]}, "400262_14082": {"poses": [[1.1109545230865479, -0.24284160137176514, 2.125486373901367, 0.02682485431432724, -0.08309949189424515, -0.022683104500174522, -0.10379824042320251, -0.041243184357881546, 0.06519941985607147, 0.08331282436847687, -0.13640618324279785, 0.19157028198242188, -0.08268121629953384, -0.08760358393192291, 0.049542300403118134, 0.05787338688969612, 0.038625601679086685, -0.26775893568992615, -0.07541584223508835, -0.07588227093219757, -0.09176357090473175, 0.33383721113204956, 0.04256926849484444, -0.7269567251205444, 0.29355883598327637, -0.22420348227024078, -0.4849461615085602, 0.2141788750886917, -0.09530787169933319, 0.016797682270407677, 0.10884924232959747, -0.08050961047410965, -0.34713682532310486, 0.10331050306558609, -0.019513390958309174, -0.6848752498626709, 0.01857660710811615, -0.13172578811645508, -0.3020626902580261, 0.02810145914554596, 0.010016577318310738, -0.11514481157064438, -0.18289366364479065, 0.23121792078018188, 0.176082581281662, -0.0010393935954198241, 0.05342422053217888, -0.35626864433288574]], "betas": [[-1.7866020202636719, 0.057421863079071045, -0.6590086221694946, -0.010494284331798553, -0.04342334344983101, -0.10776098072528839, 0.046676184982061386, 0.16764479875564575, -0.15458685159683228, -0.007398128509521484]], "global_t": [[[-0.11131829023361206, 0.0031776484102010727, 1.102068543434143]]], "cam_intrinsics": [[1263.8021240234375, 0.0, 188.43511962890625], [0.0, 1264.219482421875, 236.96435546875], [0.0, 0.0, 1.0]], "cam_extrinsics": [[-0.4016980528831482, 0.36126548051834106, -0.8415021896362305, 0.9312914428710938], [-0.0633929967880249, 0.9057251214981079, 0.41909822821617126, -0.4666381530761719], [0.9135754108428955, 0.22169628739356995, -0.34092631936073303, 1.43685986328125], [0.0, 0.0, 0.0, 1.0]]}, "400262_14088": {"poses": [[1.089660406112671, -0.13432732224464417, 2.099731206893921, 0.0678253173828125, -0.11315222829580307, 0.9166655540466309, 0.02742324396967888, 0.09731203317642212, 0.6701778173446655, 0.12017615884542465, -0.04866406321525574, 0.47277748584747314, -0.07747355103492737, -0.03761203959584236, 0.17564807832241058, 0.06853827834129333, 0.05585186928510666, -0.31672874093055725, -0.07652417570352554, -0.07467459887266159, -0.14596059918403625, 0.21792817115783691, 0.1709718257188797, -0.5954963564872742, 0.2565577030181885, -0.1630411595106125, -0.3601436913013458, 0.13480325043201447, -0.13817694783210754, -0.003922997508198023, 0.0899873599410057, 0.0028747322503477335, -0.2629724442958832, 0.05555485188961029, -0.029208213090896606, -0.5815208554267883, 0.004326889757066965, -0.1420404314994812, -0.24923411011695862, -0.07985658198595047, 0.0005645009223371744, -0.20653082430362701, -0.19367223978042603, 0.23606643080711365, 0.1735968142747879, -0.009414711967110634, 0.0828581303358078, -0.35947316884994507]], "betas": [[-1.7160767316818237, 0.002184866927564144, -0.5479038953781128, -0.060494326055049896, -0.013401329517364502, -0.1057964339852333, 0.0057858433574438095, 0.1856408417224884, -0.14238087832927704, -0.036753445863723755]], "global_t": [[[-0.11064991354942322, 0.0017629731446504593, 1.1001778841018677]]], "cam_intrinsics": [[1263.8021240234375, 0.0, 188.43511962890625], [0.0, 1264.219482421875, 236.96435546875], [0.0, 0.0, 1.0]], "cam_extrinsics": [[-0.4016980528831482, 0.36126548051834106, -0.8415021896362305, 0.9312914428710938], [-0.0633929967880249, 0.9057251214981079, 0.41909822821617126, -0.4666381530761719], [0.9135754108428955, 0.22169628739356995, -0.34092631936073303, 1.43685986328125], [0.0, 0.0, 0.0, 1.0]]}, "400262_14094": {"poses": [[1.0899275541305542, -0.14810673892498016, 2.1481094360351562, -0.008384616114199162, -0.11653022468090057, -0.25238698720932007, -0.11213129013776779, -0.059364985674619675, -0.5559526681900024, 0.10169360786676407, -0.22084768116474152, -0.13365398347377777, 0.0389702133834362, -0.051900699734687805, -0.46203020215034485, 0.09892864525318146, 0.039238765835762024, -0.6000270843505859, -0.058755744248628616, -0.05919203907251358, -0.2592306137084961, 0.3594457507133484, -0.004855451174080372, -0.8424534797668457, 0.3120708763599396, -0.25316551327705383, -0.5694319009780884, 0.25837135314941406, -0.09527810662984848, -0.04612967371940613, 0.17609010636806488, -0.09733793139457703, -0.5833406448364258, 0.14998243749141693, -0.05775627866387367, -0.7954405546188354, 0.05013030767440796, -0.09926265478134155, -0.35861989855766296, -0.19584645330905914, 0.11318232119083405, -0.23583222925662994, -0.2401922345161438, 0.24787424504756927, 0.09500426799058914, -0.046882569789886475, 0.1334722936153412, -0.4080609977245331]], "betas": [[-2.030458927154541, 0.08698103576898575, -0.7287032604217529, 0.048417530953884125, -0.005970943719148636, -0.10360348224639893, 0.10846307873725891, 0.14803624153137207, -0.18129606544971466, -0.0049866437911987305]], "global_t": [[[-0.11073292046785355, 0.0016830265522003174, 1.1015191078186035]]], "cam_intrinsics": [[1263.8021240234375, 0.0, 188.43511962890625], [0.0, 1264.219482421875, 236.96435546875], [0.0, 0.0, 1.0]], "cam_extrinsics": [[-0.4016980528831482, 0.36126548051834106, -0.8415021896362305, 0.9312914428710938], [-0.0633929967880249, 0.9057251214981079, 0.41909822821617126, -0.4666381530761719], [0.9135754108428955, 0.22169628739356995, -0.34092631936073303, 1.43685986328125], [0.0, 0.0, 0.0, 1.0]]}, "400262_14100": {"poses": [[1.0338928699493408, -0.008600957691669464, 1.9941563606262207, 0.014120370149612427, -0.10789209604263306, -0.34834492206573486, -0.13008815050125122, -0.06872828304767609, -0.28097862005233765, 0.07862188667058945, -0.1726301610469818, 0.02733875997364521, -0.077560655772686, -0.0823453888297081, -0.05634516477584839, 0.058556362986564636, 0.028891177847981453, -0.3438633680343628, -0.0624350979924202, -0.07176706939935684, -0.1364096850156784, 0.38671988248825073, 0.022609129548072815, -0.7837586998939514, 0.28987711668014526, -0.2236279547214508, -0.5136368870735168, 0.24042703211307526, -0.09010721743106842, -0.03474520519375801, 0.10877799242734909, -0.09693644195795059, -0.41175398230552673, 0.11770908534526825, -0.050491396337747574, -0.7491227984428406, 0.03660152107477188, -0.12828674912452698, -0.33935797214508057, -0.10061267018318176, 0.07534551620483398, -0.20676009356975555, -0.2643764615058899, 0.25104671716690063, 0.0906265527009964, -0.0660305991768837, 0.14145486056804657, -0.42164358496665955]], "betas": [[-1.7343546152114868, 0.08983524888753891, -0.656189501285553, 0.038989584892988205, -0.045892808586359024, -0.12304942309856415, 0.05132874846458435, 0.15341195464134216, -0.1628483086824417, 0.020192280411720276]], "global_t": [[[-0.10892568528652191, 0.0009738057851791382, 1.1026471853256226]]], "cam_intrinsics": [[1263.8021240234375, 0.0, 188.43511962890625], [0.0, 1264.219482421875, 236.96435546875], [0.0, 0.0, 1.0]], "cam_extrinsics": [[-0.4016980528831482, 0.36126548051834106, -0.8415021896362305, 0.9312914428710938], [-0.0633929967880249, 0.9057251214981079, 0.41909822821617126, -0.4666381530761719], [0.9135754108428955, 0.22169628739356995, -0.34092631936073303, 1.43685986328125], [0.0, 0.0, 0.0, 1.0]]}, "400262_14106": {"poses": [[1.027048110961914, 0.032697297632694244, 1.9334444999694824, 0.008153768256306648, -0.12692107260227203, -0.3100625276565552, -0.12788055837154388, -0.07151837646961212, -0.22943253815174103, 0.07690759003162384, -0.16323746740818024, 0.0536675825715065, -0.15327855944633484, -0.11575300991535187, 0.19390851259231567, 0.05245646461844444, 0.04270351678133011, -0.19810089468955994, -0.06530499458312988, -0.06916961073875427, -0.059469956904649734, 0.3957260549068451, 0.018666816875338554, -0.7656193375587463, 0.243140310049057, -0.19937703013420105, -0.4846251308917999, 0.2365882843732834, -0.06391583383083344, 0.027765559032559395, 0.07591953128576279, -0.08737993240356445, -0.33495593070983887, 0.1082431748509407, -0.03454530984163284, -0.6594749689102173, 0.012143157422542572, -0.11429514735937119, -0.2756509780883789, -0.11248145252466202, 0.0732969418168068, -0.19447501003742218, -0.23408055305480957, 0.23781327903270721, 0.11141102761030197, -0.045385781675577164, 0.10996295511722565, -0.40750476717948914]], "betas": [[-1.5923744440078735, 0.10173213481903076, -0.6164085865020752, 0.03303788602352142, -0.025197673588991165, -0.12482565641403198, 0.02920384332537651, 0.1585693061351776, -0.16148245334625244, 0.026614032685756683]], "global_t": [[[-0.11014841496944427, 0.001337788999080658, 1.1009056568145752]]], "cam_intrinsics": [[1263.8021240234375, 0.0, 188.43511962890625], [0.0, 1264.219482421875, 236.96435546875], [0.0, 0.0, 1.0]], "cam_extrinsics": [[-0.4016980528831482, 0.36126548051834106, -0.8415021896362305, 0.9312914428710938], [-0.0633929967880249, 0.9057251214981079, 0.41909822821617126, -0.4666381530761719], [0.9135754108428955, 0.22169628739356995, -0.34092631936073303, 1.43685986328125], [0.0, 0.0, 0.0, 1.0]]}, "400262_14112": {"poses": [[0.9550542831420898, 0.0808061808347702, 1.7870608568191528, 0.059837456792593, -0.2767423093318939, -0.14209102094173431, -0.09935048967599869, -0.005146279465407133, 0.05257464945316315, 0.06969757378101349, -0.12886597216129303, 0.08534073084592819, -0.23833589255809784, -0.03223403915762901, 1.0908464193344116, -0.0019122632220387459, 0.06680319458246231, 0.3224269151687622, -0.07709850370883942, -0.09426695108413696, 0.2667965888977051, 0.36057916283607483, 0.14015993475914001, -0.6776356101036072, 0.27575579285621643, -0.18028751015663147, -0.31959083676338196, 0.045508626848459244, -0.13634654879570007, -0.014526842162013054, -0.015132984146475792, 0.04855170100927353, 0.032970912754535675, 0.05214740335941315, -0.014661605469882488, -0.49161601066589355, -0.014961634762585163, -0.18472130596637726, -0.17713399231433868, -0.059977155178785324, 0.0077993543818593025, -0.16713741421699524, -0.21756377816200256, 0.24714574217796326, 0.15470294654369354, -0.021001067012548447, 0.10786738991737366, -0.4485902488231659]], "betas": [[-1.5971579551696777, 0.0015375763177871704, -0.5649807453155518, 0.015081146731972694, -0.0056565143167972565, -0.18724298477172852, -0.05825041979551315, 0.17020536959171295, -0.12351270020008087, -0.02013237029314041]], "global_t": [[[-0.11154578626155853, -0.0014605596661567688, 1.1006032228469849]]], "cam_intrinsics": [[1263.8021240234375, 0.0, 188.43511962890625], [0.0, 1264.219482421875, 236.96435546875], [0.0, 0.0, 1.0]], "cam_extrinsics": [[-0.4016980528831482, 0.36126548051834106, -0.8415021896362305, 0.9312914428710938], [-0.0633929967880249, 0.9057251214981079, 0.41909822821617126, -0.4666381530761719], [0.9135754108428955, 0.22169628739356995, -0.34092631936073303, 1.43685986328125], [0.0, 0.0, 0.0, 1.0]]}, "400262_14118": {"poses": [[0.9483315944671631, 0.07311730831861496, 1.789331316947937, 0.07182531803846359, -0.27849406003952026, -0.08957505971193314, -0.0895998626947403, 0.014120613224804401, 0.14842112362384796, 0.0699051171541214, -0.12659917771816254, 0.12772426009178162, -0.2533031702041626, -0.012904275208711624, 1.1513500213623047, -0.0035790828987956047, 0.07743280380964279, 0.34572866559028625, -0.07776934653520584, -0.08929649740457535, 0.2885894179344177, 0.3526890277862549, 0.2372714728116989, -0.700291097164154, 0.27068212628364563, -0.15761810541152954, -0.28631389141082764, 0.04440072178840637, -0.12784799933433533, 0.02394217997789383, -0.05237983912229538, 0.05940273404121399, 0.09577187895774841, 0.047909077256917953, -0.005378037225455046, -0.49191316962242126, -0.013217408210039139, -0.19529514014720917, -0.17946921288967133, -0.021598415449261665, -0.017596157267689705, -0.15638375282287598, -0.22241581976413727, 0.25533923506736755, 0.16472840309143066, -0.018336009234189987, 0.11842619627714157, -0.4341658353805542]], "betas": [[-1.5777735710144043, 0.0023959651589393616, -0.6058794260025024, 0.003336658701300621, -0.0203394778072834, -0.1940319836139679, -0.06353509426116943, 0.1810137927532196, -0.1334204077720642, -0.02223268896341324]], "global_t": [[[-0.11222514510154724, -0.0007693544030189514, 1.0994184017181396]]], "cam_intrinsics": [[1263.8021240234375, 0.0, 188.43511962890625], [0.0, 1264.219482421875, 236.96435546875], [0.0, 0.0, 1.0]], "cam_extrinsics": [[-0.4016980528831482, 0.36126548051834106, -0.8415021896362305, 0.9312914428710938], [-0.0633929967880249, 0.9057251214981079, 0.41909822821617126, -0.4666381530761719], [0.9135754108428955, 0.22169628739356995, -0.34092631936073303, 1.43685986328125], [0.0, 0.0, 0.0, 1.0]]}, "400262_14124": {"poses": [[1.0504754781723022, 0.005709097720682621, 1.9367543458938599, -0.009989051148295403, -0.09725775569677353, -0.27841898798942566, -0.12857982516288757, -0.06179742142558098, -0.4506821930408478, 0.0881398469209671, -0.2112492322921753, -0.11438505351543427, -0.0293006282299757, -0.032928451895713806, -0.22824294865131378, 0.07738121598958969, 0.036020319908857346, -0.47040054202079773, -0.056436687707901, -0.059953950345516205, -0.22056905925273895, 0.3761032223701477, -0.01024676114320755, -0.7806675434112549, 0.2908809185028076, -0.2374056726694107, -0.5515955090522766, 0.23835590481758118, -0.12439385056495667, -0.09643979370594025, 0.0818103775382042, -0.09032659232616425, -0.3382870554924011, 0.12189776450395584, -0.05586140230298042, -0.7084991931915283, 0.03915068879723549, -0.11296892166137695, -0.3237069547176361, -0.14804598689079285, 0.0987422987818718, -0.22217147052288055, -0.2362097054719925, 0.25286176800727844, 0.10389905422925949, -0.0483919158577919, 0.14475499093532562, -0.41869959235191345]], "betas": [[-1.785830020904541, 0.08264635503292084, -0.6826383471488953, 0.04358360543847084, -0.039646606892347336, -0.11733871698379517, 0.05120278149843216, 0.16228049993515015, -0.14422358572483063, 0.03058885782957077]], "global_t": [[[-0.11029510200023651, -0.00224430114030838, 1.0984514951705933]]], "cam_intrinsics": [[1263.8021240234375, 0.0, 188.43511962890625], [0.0, 1264.219482421875, 236.96435546875], [0.0, 0.0, 1.0]], "cam_extrinsics": [[-0.4016980528831482, 0.36126548051834106, -0.8415021896362305, 0.9312914428710938], [-0.0633929967880249, 0.9057251214981079, 0.41909822821617126, -0.4666381530761719], [0.9135754108428955, 0.22169628739356995, -0.34092631936073303, 1.43685986328125], [0.0, 0.0, 0.0, 1.0]]}, "400262_14130": {"poses": [[1.0730867385864258, 0.03376959636807442, 1.946174144744873, 0.0002082571154460311, -0.08035210520029068, -0.23264063894748688, -0.15032948553562164, -0.06562042236328125, -0.35435569286346436, 0.09094350039958954, -0.20421728491783142, -0.04582253471016884, -0.0307785551995039, -0.03988995403051376, -0.246566042304039, 0.07702930271625519, 0.05547017976641655, -0.4237018823623657, -0.06286104023456573, -0.060904961079359055, -0.18040090799331665, 0.3550589382648468, -0.025731686502695084, -0.7148348093032837, 0.28323814272880554, -0.23030608892440796, -0.5172832012176514, 0.2344459742307663, -0.13207171857357025, -0.09036795794963837, 0.04979342594742775, -0.06649939715862274, -0.23995620012283325, 0.09089810401201248, -0.03144490346312523, -0.6437771320343018, 0.01917504519224167, -0.11880718916654587, -0.27646303176879883, -0.1250087022781372, 0.08932635933160782, -0.21985042095184326, -0.24468736350536346, 0.24621817469596863, 0.09254278242588043, -0.04799807816743851, 0.13587012887001038, -0.4123944640159607]], "betas": [[-1.8354861736297607, 0.08794814348220825, -0.6897602081298828, 0.01970316842198372, -0.04963136091828346, -0.1259629875421524, 0.047279566526412964, 0.15010422468185425, -0.14081165194511414, 0.015752755105495453]], "global_t": [[[-0.10988868772983551, 0.0008582845330238342, 1.097838044166565]]], "cam_intrinsics": [[1263.8021240234375, 0.0, 188.43511962890625], [0.0, 1264.219482421875, 236.96435546875], [0.0, 0.0, 1.0]], "cam_extrinsics": [[-0.4016980528831482, 0.36126548051834106, -0.8415021896362305, 0.9312914428710938], [-0.0633929967880249, 0.9057251214981079, 0.41909822821617126, -0.4666381530761719], [0.9135754108428955, 0.22169628739356995, -0.34092631936073303, 1.43685986328125], [0.0, 0.0, 0.0, 1.0]]}, "400262_14136": {"poses": [[1.092574119567871, 0.043470196425914764, 1.9363386631011963, 0.006747575476765633, -0.06526491045951843, -0.19156813621520996, -0.16989575326442719, -0.06812454760074615, -0.27873289585113525, 0.09115082770586014, -0.19792722165584564, 0.008442841470241547, -0.03734792768955231, -0.06014568731188774, -0.23398077487945557, 0.0741763785481453, 0.07584767788648605, -0.3579261004924774, -0.06805915385484695, -0.05213851481676102, -0.12591539323329926, 0.3206093907356262, -0.03602784872055054, -0.6468023061752319, 0.26312533020973206, -0.2201850712299347, -0.45929116010665894, 0.22269336879253387, -0.12139052897691727, -0.04175804927945137, -0.005846872925758362, -0.0