{
  "400262_14004": {
    "poses": [
      [
        1.2901214361190796,
        -0.16862265765666962,
        2.058802604675293,
        -0.013114734552800655,
        0.03520594537258148,
        -0.39805668592453003,
        -0.075715571641922,
        -0.0759105309844017,
        -0.8400634527206421,
        0.09247346967458725,
        -0.2801876366138458,
        -0.3275744915008545,
        0.0986737534403801,
        -0.10141588747501373,
        -0.6998662352561951,
        0.12214360386133194,
        0.01319152768701315,
        -0.7356882691383362,
        -0.04975098744034767,
        -0.04661034047603607,
        -0.32886049151420593,
        0.4370878040790558,
        -0.27070483565330505,
        -0.8386251926422119,
        0.23205874860286713,
        -0.18624606728553772,
        -0.642524778842926,
        0.2734381854534149,
        0.00933557003736496,
        0.03899354115128517,
        0.22505678236484528,
        -0.18389949202537537,
        -0.7457131743431091,
        0.19685663282871246,
        -0.07941027730703354,
        -0.8279377818107605,
        0.06736989319324493,
        -0.046344902366399765,
        -0.3788137137889862,
        -0.34817588329315186,
        0.2379402220249176,
        -0.2628791332244873,
        -0.2899149954319,
        0.27317944169044495,
        0.05735823139548302,
        -0.07857349514961243,
        0.2018803209066391,
        -0.4724774658679962
      ]
    ],
    "betas": [
      [
        -1.533701777458191,
        0.27039194107055664,
        -0.6502042412757874,
        0.1661013662815094,
        0.0006153881549835205,
        -0.14967024326324463,
        0.08933191001415253,
        0.17785786092281342,
        -0.18548129498958588,
        0.07169456779956818
      ]
    ],
    "global_t": [
      [
        [
          -0.11778406798839569,
          -0.002549998462200165,
          1.1131030321121216
        ]
      ]
    ],
    "cam_intrinsics": [
      [
        1263.8021240234375,
        0.0,
        188.43511962890625
      ],
      [
        0.0,
        1264.219482421875,
        236.96435546875
      ],
      [
        0.0,
        0.0,
        1.0
      ]
    ],
    "cam_extrinsics": [
      [
        -0.4016980528831482,
        0.36126548051834106,
        -0.8415021896362305,
        0.9312914428710938
      ],
      [
        -0.0633929967880249,
        0.9057251214981079,
        0.41909822821617126,
        -0.4666381530761719
      ],
      [
        0.9135754108428955,
        0.22169628739356995,
        -0.34092631936073303,
        1.43685986328125
      ],
      [
        0.0,
        0.0,
        0.0,
        1.0
      ]
    ]
  },
  "400281_14004": {
    "poses": [
      [
        1.2901214361190796,
        -0.16862265765666962,
        2.058802604675293,
        -0.013114734552800655,
        0.03520594537258148,
        -0.39805668592453003,
        -0.075715571641922,
        -0.0759105309844017,
        -0.8400634527206421,
        0.09247346967458725,
        -0.2801876366138458,
        -0.3275744915008545,
        0.0986737534403801,
        -0.10141588747501373,
        -0.6998662352561951,
        0.12214360386133194,
        0.01319152768701315,
        -0.7356882691383362,
        -0.04975098744034767,
        -0.04661034047603607,
        -0.32886049151420593,
        0.4370878040790558,
        -0.27070483565330505,
        -0.8386251926422119,
        0.23205874860286713,
        -0.18624606728553772,
        -0.642524778842926,
        0.2734381854534149,
        0.00933557003736496,
        0.03899354115128517,
        0.22505678236484528,
        -0.18389949202537537,
        -0.7457131743431091,
        0.19685663282871246,
        -0.07941027730703354,
        -0.8279377818107605,
        0.06736989319324493,
        -0.046344902366399765,
        -0.3788137137889862,
        -0.34817588329315186,
        0.2379402220249176,
        -0.2628791332244873,
        -0.2899149954319,
        0.27317944169044495,
        0.05735823139548302,
        -0.07857349514961243,
        0.2018803209066391,
        -0.4724774658679962
      ]
    ],
    "betas": [
      [
        -1.533701777458191,
        0.27039194107055664,
        -0.6502042412757874,
        0.1661013662815094,
        0.0006153881549835205,
        -0.14967024326324463,
        0.08933191001415253,
        0.17785786092281342,
        -0.18548129498958588,
        0.07169456779956818
      ]
    ],
    "global_t": [
      [
        [
          -0.11778406798839569,
          -0.002549998462200165,
          1.1131030321121216
        ]
      ]
    ],
    "cam_intrinsics": [
      [
        1265.3160400390625,
        0.0,
        196.30963134765625
      ],
      [
        0.0,
        1265.5582275390625,
        240.13059997558594
      ],
      [
        0.0,
        0.0,
        1.0
      ]
    ],
    "cam_extrinsics": [
      [
        0.42549601197242737,
        0.07973114401102066,
        -0.9014410972595215,
        0.9617340698242187
      ],
      [
        -0.08942027390003204,
        0.9949406981468201,
        0.04579310864210129,
        -0.067157470703125
      ],
      [
        0.9005315899848938,
        0.06112232804298401,
        0.43047288060188293,
        0.5963471069335937
      ],
      [
        0.0,
        0.0,
        0.0,
        1.0
      ]
    ]
  },
  "400312_14004": {
    "poses": [
      [
        1.2901214361190796,
        -0.16862265765666962,
        2.058802604675293,
        -0.013114734552800655,
        0.03520594537258148,
        -0.39805668592453003,
        -0.075715571641922,
        -0.0759105309844017,
        -0.8400634527206421,
        0.09247346967458725,
        -0.2801876366138458,
        -0.3275744915008545,
        0.0986737534403801,
        -0.10141588747501373,
        -0.6998662352561951,
        0.12214360386133194,
        0.01319152768701315,
        -0.7356882691383362,
        -0.04975098744034767,
        -0.04661034047603607,
        -0.32886049151420593,
        0.4370878040790558,
        -0.27070483565330505,
        -0.8386251926422119,
        0.23205874860286713,
        -0.18624606728553772,
        -0.642524778842926,
        0.2734381854534149,
        0.00933557003736496,
        0.03899354115128517,
        0.22505678236484528,
        -0.18389949202537537,
        -0.7457131743431091,
        0.19685663282871246,
        -0.07941027730703354,
        -0.8279377818107605,
        0.06736989319324493,
        -0.046344902366399765,
        -0.3788137137889862,
        -0.34817588329315186,
        0.2379402220249176,
        -0.2628791332244873,
        -0.2899149954319,
        0.27317944169044495,
        0.05735823139548302,
        -0.07857349514961243,
        0.2018803209066391,
        -0.4724774658679962
      ]
    ],
    "betas": [
      [
        -1.533701777458191,
        0.27039194107055664,
        -0.6502042412757874,
        0.1661013662815094,
        0.0006153881549835205,
        -0.14967024326324463,
        0.08933191001415253,
        0.17785786092281342,
        -0.18548129498958588,
        0.07169456779956818
      ]
    ],
    "global_t": [
      [
        [
          -0.11778406798839569,
          -0.002549998462200165,
          1.1131030321121216
        ]
      ]
    ],
    "cam_intrinsics": [
      [
        1267.6109619140625,
        0.0,
        194.36192321777344
      ],
      [
        0.0,
        1267.4288330078125,
        239.1597442626953
      ],
      [
        0.0,
        0.0,
        1.0
      ]
    ],
    "cam_extrinsics": [
      [
        0.21206562221050262,
        -0.1798703968524933,
        -0.960559606552124,
        1.0468875732421874
      ],
      [
        -0.11553466320037842,
        0.971407949924469,
        -0.20740874111652374,
        0.22083514404296875
      ],
      [
        0.97040194272995,
        0.1549621969461441,
        0.18522095680236816,
        0.8912902221679687
      ],
      [
        0.0,
        0.0,
        0.0,
        1.0
      ]
    ]
  },
  "400354_14004": {
    "poses": [
      [
        1.2901214361190796,
        -0.16862265765666962,
        2.058802604675293,
        -0.013114734552800655,
        0.03520594537258148,
        -0.39805668592453003,
        -0.075715571641922,
        -0.0759105309844017,
        -0.8400634527206421,
        0.09247346967458725,
        -0.2801876366138458,
        -0.3275744915008545,
        0.0986737534403801,
        -0.10141588747501373,
        -0.6998662352561951,
        0.12214360386133194,
        0.01319152768701315,
        -0.7356882691383362,
        -0.04975098744034767,
        -0.04661034047603607,
        -0.32886049151420593,
        0.4370878040790558,
        -0.27070483565330505,
        -0.8386251926422119,
        0.23205874860286713,
        -0.18624606728553772,
        -0.642524778842926,
        0.2734381854534149,
        0.00933557003736496,
        0.03899354115128517,
        0.22505678236484528,
        -0.18389949202537537,
        -0.7457131743431091,
        0.19685663282871246,
        -0.07941027730703354,
        -0.8279377818107605,
        0.06736989319324493,
        -0.046344902366399765,
        -0.3788137137889862,
        -0.34817588329315186,
        0.2379402220249176,
        -0.2628791332244873,
        -0.2899149954319,
        0.27317944169044495,
        0.05735823139548302,
        -0.07857349514961243,
        0.2018803209066391,
        -0.4724774658679962
      ]
    ],
    "betas": [
      [
        -1.533701777458191,
        0.27039194107055664,
        -0.6502042412757874,
        0.1661013662815094,
        0.0006153881549835205,
        -0.14967024326324463,
        0.08933191001415253,
        0.17785786092281342,
        -0.18548129498958588,
        0.07169456779956818
      ]
    ],
    "global_t": [
      [
        [
          -0.11778406798839569,
          -0.002549998462200165,
          1.1131030321121216
        ]
      ]
    ],
    "cam_intrinsics": [
      [
        1264.1463623046875,
        0.0,
        159.78245544433594
      ],
      [
        0.0,
        1264.458740234375,
        241.864990234375
      ],
      [
        0.0,
        0.0,
        1.0
      ]
    ],
    "cam_extrinsics": [
      [
        0.7841408252716064,
        0.14979369938373566,
        -0.602233350276947,
        0.6396465454101562
      ],
      [
        -0.06695641577243805,
        0.9851880073547363,
        0.15786521136760712,
        -0.15698316955566408
      ],
      [
        0.6169602870941162,
        -0.08346516638994217,
        0.7825557589530945,
        0.2233545684814453
      ],
      [
        0.0,
        0.0,
        0.0,
        1.0
      ]
    ]
  },
  "400377_14004": {
    "poses": [
      [
        1.2901214361190796,
        -0.16862265765666962,
        2.058802604675293,
        -0.013114734552800655,
        0.03520594537258148,
        -0.39805668592453003,
        -0.075715571641922,
        -0.0759105309844017,
        -0.8400634527206421,
        0.09247346967458725,
        -0.2801876366138458,
        -0.3275744915008545,
        0.0986737534403801,
        -0.10141588747501373,
        -0.6998662352561951,
        0.12214360386133194,
        0.01319152768701315,
        -0.7356882691383362,
        -0.04975098744034767,
        -0.04661034047603607,
        -0.32886049151420593,
        0.4370878040790558,
        -0.27070483565330505,
        -0.8386251926422119,
        0.23205874860286713,
        -0.18624606728553772,
        -0.642524778842926,
        0.2734381854534149,
        0.00933557003736496,
        0.03899354115128517,
        0.22505678236484528,
        -0.18389949202537537,
        -0.7457131743431091,
        0.19685663282871246,
        -0.07941027730703354,
        -0.8279377818107605,
        0.06736989319324493,
        -0.046344902366399765,
        -0.3788137137889862,
        -0.34817588329315186,
        0.2379402220249176,
        -0.2628791332244873,
        -0.2899149954319,
        0.27317944169044495,
        0.05735823139548302,
        -0.07857349514961243,
        0.2018803209066391,
        -0.4724774658679962
      ]
    ],
    "betas": [
      [
        -1.533701777458191,
        0.27039194107055664,
        -0.6502042412757874,
        0.1661013662815094,
        0.0006153881549835205,
        -0.14967024326324463,
        0.08933191001415253,
        0.17785786092281342,
        -0.18548129498958588,
        0.07169456779956818
      ]
    ],
    "global_t": [
      [
        [
          -0.11778406798839569,
          -0.002549998462200165,
          1.1131030321121216
        ]
      ]
    ],
    "cam_intrinsics": [
      [
        1273.1009521484375,
        0.0,
        182.80621337890625
      ],
      [
        0.0,
        1273.5748291015625,
        225.76649475097656
      ],
      [
        0.0,
        0.0,
        1.0
      ]
    ],
    "cam_extrinsics": [
      [
        0.9999792575836182,
        0.005452283658087254,
        0.003425672883167863,
        0.0037859454154968264
      ],
      [
        -0.00643909489735961,
        0.844548761844635,
        0.5354399085044861,
        -0.6120465698242188
      ],
      [
        2.62225166807184e-05,
        -0.5354508757591248,
        0.8445664048194885,
        0.17737094116210939
      ],
      [
        0.0,
        0.0,
        0.0,
        1.0
      ]
    ]
  },
  "400406_14004": {
    "poses": [
      [
        1.2901214361190796,
        -0.16862265765666962,
        2.058802604675293,
        -0.013114734552800655,
        0.03520594537258148,
        -0.39805668592453003,
        -0.075715571641922,
        -0.0759105309844017,
        -0.8400634527206421,
        0.09247346967458725,
        -0.2801876366138458,
        -0.3275744915008545,
        0.0986737534403801,
        -0.10141588747501373,
        -0.6998662352561951,
        0.12214360386133194,
        0.01319152768701315,
        -0.7356882691383362,
        -0.04975098744034767,
        -0.04661034047603607,
        -0.32886049151420593,
        0.4370878040790558,
        -0.27070483565330505,
        -0.8386251926422119,
        0.23205874860286713,
        -0.18624606728553772,
        -0.642524778842926,
        0.2734381854534149,
        0.00933557003736496,
        0.03899354115128517,
        0.22505678236484528,
        -0.18389949202537537,
        -0.7457131743431091,
        0.19685663282871246,
        -0.07941027730703354,
        -0.8279377818107605,
        0.06736989319324493,
        -0.046344902366399765,
        -0.3788137137889862,
        -0.34817588329315186,
        0.2379402220249176,
        -0.2628791332244873,
        -0.2899149954319,
        0.27317944169044495,
        0.05735823139548302,
        -0.07857349514961243,
        0.2018803209066391,
        -0.4724774658679962
      ]
    ],
    "betas": [
      [
        -1.533701777458191,
        0.27039194107055664,
        -0.6502042412757874,
        0.1661013662815094,
        0.0006153881549835205,
        -0.14967024326324463,
        0.08933191001415253,
        0.17785786092281342,
        -0.18548129498958588,
        0.07169456779956818
      ]
    ],
    "global_t": [
      [
        [
          -0.11778406798839569,
          -0.002549998462200165,
          1.1131030321121216
        ]
      ]
    ],
    "cam_intrinsics": [
      [
        1268.3167724609375,
        0.0,
        186.9406280517578
      ],
      [
        0.0,
        1268.13037109375,
        237.93052673339844
      ],
      [
        0.0,
        0.0,
        1.0
      ]
    ],
    "cam_extrinsics": [
      [
        0.9991593360900879,
        -0.0037545310333371162,
        -0.0408238023519516,
        0.04922756958007812
      ],
      [
        -0.008646193891763687,
        0.9541001915931702,
        -0.2993626892566681,
        0.31516299438476564
      ],
      [
        0.04007396474480629,
        0.29946398735046387,
        0.9532656669616699,
        0.05295071029663086
      ],
      [
        0.0,
        0.0,
        0.0,
        1.0
      ]
    ]
  },
  "400431_14004": {
    "poses": [
      [
        1.2901214361190796,
        -0.16862265765666962,
        2.058802604675293,
        -0.013114734552800655,
        0.03520594537258148,
        -0.39805668592453003,
        -0.075715571641922,
        -0.0759105309844017,
        -0.8400634527206421,
        0.09247346967458725,
        -0.2801876366138458,
        -0.3275744915008545,
        0.0986737534403801,
        -0.10141588747501373,
        -0.6998662352561951,
        0.12214360386133194,
        0.01319152768701315,
        -0.7356882691383362,
        -0.04975098744034767,
        -0.04661034047603607,
        -0.32886049151420593,
        0.4370878040790558,
        -0.27070483565330505,
        -0.8386251926422119,
        0.23205874860286713,
        -0.18624606728553772,
        -0.642524778842926,
        0.2734381854534149,
        0.00933557003736496,
        0.03899354115128517,
        0.22505678236484528,
        -0.18389949202537537,
        -0.7457131743431091,
        0.19685663282871246,
        -0.07941027730703354,
        -0.8279377818107605,
        0.06736989319324493,
        -0.046344902366399765,
        -0.3788137137889862,
        -0.34817588329315186,
        0.2379402220249176,
        -0.2628791332244873,
        -0.2899149954319,
        0.27317944169044495,
        0.05735823139548302,
        -0.07857349514961243,
        0.2018803209066391,
        -0.4724774658679962
      ]
    ],
    "betas": [
      [
        -1.533701777458191,
        0.27039194107055664,
        -0.6502042412757874,
        0.1661013662815094,
        0.0006153881549835205,
        -0.14967024326324463,
        0.08933191001415253,
        0.17785786092281342,
        -0.18548129498958588,
        0.07169456779956818
      ]
    ],
    "global_t": [
      [
        [
          -0.11778406798839569,
          -0.002549998462200165,
          1.1131030321121216
        ]
      ]
    ],
    "cam_intrinsics": [
      [
        1260.8848876953125,
        0.0,
        196.15982055664062
      ],
      [
        0.0,
        1260.7510986328125,
        237.6277618408203
      ],
      [
        0.0,
        0.0,
        1.0
      ]
    ],
    "cam_extrinsics": [
      [
        -0.7685133218765259,
        0.07018900662660599,
        -0.6359723210334778,
        0.7146602172851563
      ],
      [
        -0.06333854794502258,
        0.9807372093200684,
        0.18477769196033478,
        -0.19826693725585937
      ],
      [
        0.6366910338401794,
        0.18228568136692047,
        -0.7492639422416687,
        1.896375732421875
      ],
      [
        0.0,
        0.0,
        0.0,
        1.0
      ]
    ]
  },
  "400480_14004": {
    "poses": [
      [
        1.2901214361190796,
        -0.16862265765666962,
        2.058802604675293,
        -0.013114734552800655,
        0.03520594537258148,
        -0.39805668592453003,
        -0.075715571641922,
        -0.0759105309844017,
        -0.8400634527206421,
        0.09247346967458725,
        -0.2801876366138458,
        -0.3275744915008545,
        0.0986737534403801,
        -0.10141588747501373,
        -0.6998662352561951,
        0.12214360386133194,
        0.01319152768701315,
        -0.7356882691383362,
        -0.04975098744034767,
        -0.04661034047603607,
        -0.32886049151420593,
        0.4370878040790558,
        -0.27070483565330505,
        -0.8386251926422119,
        0.23205874860286713,
        -0.18624606728553772,
        -0.642524778842926,
        0.2734381854534149,
        0.00933557003736496,
        0.03899354115128517,
        0.22505678236484528,
        -0.18389949202537537,
        -0.7457131743431091,
        0.19685663282871246,
        -0.07941027730703354,
        -0.8279377818107605,
        0.06736989319324493,
        -0.046344902366399765,
        -0.3788137137889862,
        -0.34817588329315186,
        0.2379402220249176,
        -0.2628791332244873,
        -0.2899149954319,
        0.27317944169044495,
        0.05735823139548302,
        -0.07857349514961243,
        0.2018803209066391,
        -0.4724774658679962
      ]
    ],
    "betas": [
      [
        -1.533701777458191,
        0.27039194107055664,
        -0.6502042412757874,
        0.1661013662815094,
        0.0006153881549835205,
        -0.14967024326324463,
        0.08933191001415253,
        0.17785786092281342,
        -0.18548129498958588,
        0.07169456779956818
      ]
    ],
    "global_t": [
      [
        [
          -0.11778406798839569,
          -0.002549998462200165,
          1.1131030321121216
        ]
      ]
    ],
    "cam_intrinsics": [
      [
        1265.2852783203125,
        0.0,
        155.95455932617188
      ],
      [
        0.0,
        1265.0811767578125,
        241.45347595214844
      ],
      [
        0.0,
        0.0,
        1.0
      ]
    ],
    "cam_extrinsics": [
      [
        0.05947691202163696,
        0.08410150557756424,
        0.9946805834770203,
        -1.1038321533203126
      ],
      [
        0.09674056619405746,
        0.9912686347961426,
        -0.08959762752056122,
        0.09477518463134765
      ],
      [
        -0.9935309290885925,
        0.10155495256185532,
        0.05082157254219055,
        1.002161376953125
      ],
      [
        0.0,
        0.0,
        0.0,
        1.0
      ]
    ]
  },
  "400489_14004": {
    "poses": [
      [
        1.2901214361190796,
        -0.16862265765666962,
        2.058802604675293,
        -0.013114734552800655,
        0.03520594537258148,
        -0.39805668592453003,
        -0.075715571641922,
        -0.0759105309844017,
        -0.8400634527206421,
        0.09247346967458725,
        -0.2801876366138458,
        -0.3275744915008545,
        0.0986737534403801,
        -0.10141588747501373,
        -0.6998662352561951,
        0.12214360386133194,
        0.01319152768701315,
        -0.7356882691383362,
        -0.04975098744034767,
        -0.04661034047603607,
        -0.32886049151420593,
        0.4370878040790558,
        -0.27070483565330505,
        -0.8386251926422119,
        0.23205874860286713,
        -0.18624606728553772,
        -0.642524778842926,
        0.2734381854534149,
        0.00933557003736496,
        0.03899354115128517,
        0.22505678236484528,
        -0.18389949202537537,
        -0.7457131743431091,
        0.19685663282871246,
        -0.07941027730703354,
        -0.8279377818107605,
        0.06736989319324493,
        -0.046344902366399765,
        -0.3788137137889862,
        -0.34817588329315186,
        0.2379402220249176,
        -0.2628791332244873,
        -0.2899149954319,
        0.27317944169044495,
        0.05735823139548302,
        -0.07857349514961243,
        0.2018803209066391,
        -0.4724774658679962
      ]
    ],
    "betas": [
      [
        -1.533701777458191,
        0.27039194107055664,
        -0.6502042412757874,
        0.1661013662815094,
        0.0006153881549835205,
        -0.14967024326324463,
        0.08933191001415253,
        0.17785786092281342,
        -0.18548129498958588,
        0.07169456779956818
      ]
    ],
    "global_t": [
      [
        [
          -0.11778406798839569,
          -0.002549998462200165,
          1.1131030321121216
        ]
      ]
    ],
    "cam_intrinsics": [
      [
        1267.685791015625,
        0.0,
        149.41265869140625
      ],
      [
        0.0,
        1267.8890380859375,
        241.6989288330078
      ],
      [
        0.0,
        0.0,
        1.0
      ]
    ],
    "cam_extrinsics": [
      [
        0.7516841292381287,
        0.04789168760180473,
        0.6577821373939514,
        -0.7188888549804687
      ],
      [
        0.07132893800735474,
        0.9856064319610596,
        -0.1532713919878006,
        0.16649403381347655
      ],
      [
        -0.6556547284126282,
        0.16213056445121765,
        0.7374486327171326,
        0.2715137023925781
      ],
      [
        0.0,
        0.0,
        0.0,
        1.0
      ]
    ]
  },
  "400503_14004": {
    "poses": [
      [
        1.2901214361190796,
        -0.16862265765666962,
        2.058802604675293,
        -0.013114734552800655,
        0.03520594537258148,
        -0.39805668592453003,
        -0.075715571641922,
        -0.0759105309844017,
        -0.8400634527206421,
        0.09247346967458725,
        -0.2801876366138458,
        -0.3275744915008545,
        0.0986737534403801,
        -0.10141588747501373,
        -0.6998662352561951,
        0.12214360386133194,
        0.01319152768701315,
        -0.7356882691383362,
        -0.04975098744034767,
        -0.04661034047603607,
        -0.32886049151420593,
        0.4370878040790558,
        -0.27070483565330505,
        -0.8386251926422119,
        0.23205874860286713,
        -0.18624606728553772,
        -0.642524778842926,
        0.2734381854534149,
        0.00933557003736496,
        0.03899354115128517,
        0.22505678236484528,
        -0.18389949202537537,
        -0.7457131743431091,
        0.19685663282871246,
        -0.07941027730703354,
        -0.8279377818107605,
        0.06736989319324493,
        -0.046344902366399765,
        -0.3788137137889862,
        -0.34817588329315186,
        0.2379402220249176,
        -0.2628791332244873,
        -0.2899149954319,
        0.27317944169044495,
        0.05735823139548302,
        -0.07857349514961243,
        0.2018803209066391,
        -0.4724774658679962
      ]
    ],
    "betas": [
      [
        -1.533701777458191,
        0.27039194107055664,
        -0.6502042412757874,
        0.1661013662815094,
        0.0006153881549835205,
        -0.14967024326324463,
        0.08933191001415253,
        0.17785786092281342,
        -0.18548129498958588,
        0.07169456779956818
      ]
    ],
    "global_t": [
      [
        [
          -0.11778406798839569,
          -0.002549998462200165,
          1.1131030321121216
        ]
      ]
    ],
    "cam_intrinsics": [
      [
        1262.53759765625,
        0.0,
        155.62359619140625
      ],
      [
        0.0,
        1261.8231201171875,
        259.2112121582031
      ],
      [
        0.0,
        0.0,
        1.0
      ]
    ],
    "cam_extrinsics": [
      [
        -0.08268856257200241,
        0.3476152718067169,
        0.9339840412139893,
        -1.0339638671875
      ],
      [
        0.11248989403247833,
        0.9344596266746521,
        -0.3378331959247589,
        0.3901968994140625
      ],
      [
        -0.9902063608169556,
        0.0771288275718689,
        -0.11637233197689056,
        1.1844683837890626
      ],
      [
        0.0,
        0.0,
        0.0,
        1.0
      ]
    ]
  }
}